000000.jpg 114.4481725918 30.3813188600 88.805 180.000000 0.000000 29.200000
000001.jpg 114.4481774600 30.3813268286 88.854 180.000000 0.000000 29.200000
000002.jpg 114.4481823282 30.3813347972 88.934 180.000000 0.000000 29.200000
000003.jpg 114.4481871963 30.3813427658 88.865 180.000000 0.000000 29.200000
000004.jpg 114.4481920645 30.3813507344 88.799 180.000000 0.000000 29.200000
000005.jpg 114.4481969327 30.3813587030 88.816 180.000000 0.000000 29.200000
000006.jpg 114.4482018008 30.3813666717 88.832 180.000000 0.000000 29.200000
000007.jpg 114.4482066690 30.3813746403 88.842 180.000000 0.000000 29.200000
000008.jpg 114.4482115372 30.3813826089 88.836 180.000000 0.000000 29.200000
000009.jpg 114.4482164053 30.3813905775 88.871 180.000000 0.000000 29.200000
000010.jpg 114.4482212735 30.3813985461 89.049 180.000000 0.000000 29.200000
000011.jpg 114.4482261417 30.3814065147 88.890 180.000000 0.000000 29.200000
000012.jpg 114.4482310099 30.3814144834 88.843 180.000000 0.000000 29.200000
000013.jpg 114.4482358780 30.3814224520 88.980 180.000000 0.000000 29.200000
000014.jpg 114.4482407462 30.3814304206 88.941 180.000000 0.000000 29.200000
000015.jpg 114.4482456144 30.3814383892 88.798 180.000000 0.000000 29.200000
000016.jpg 114.4482504826 30.3814463578 88.813 180.000000 0.000000 29.200000
000017.jpg 114.4482553507 30.3814543264 88.871 180.000000 0.000000 29.200000
000018.jpg 114.4482602189 30.3814622950 88.877 180.000000 0.000000 29.200000
000019.jpg 114.4482650871 30.3814702637 88.825 180.000000 0.000000 29.200000
000020.jpg 114.4482699553 30.3814782323 88.833 180.000000 0.000000 29.200000
000021.jpg 114.4482748235 30.3814862009 88.975 180.000000 0.000000 29.200000
000022.jpg 114.4482796916 30.3814941695 89.037 180.000000 0.000000 29.200000
000023.jpg 114.4482845598 30.3815021381 89.012 180.000000 0.000000 29.200000
000024.jpg 114.4482894280 30.3815101067 88.902 180.000000 0.000000 29.200000
000025.jpg 114.4482942962 30.3815180753 88.922 180.000000 0.000000 29.200000
000026.jpg 114.4482991644 30.3815260440 89.106 180.000000 0.000000 29.200000
000027.jpg 114.4483040326 30.3815340126 89.275 180.000000 0.000000 29.200000
000028.jpg 114.4483089007 30.3815419812 89.046 180.000000 0.000000 29.200000
000029.jpg 114.4483137689 30.3815499498 89.030 180.000000 0.000000 29.200000
000030.jpg 114.4483186371 30.3815579184 88.973 180.000000 0.000000 29.200000
000031.jpg 114.4483235053 30.3815658870 88.903 180.000000 0.000000 29.200000
000032.jpg 114.4483283735 30.3815738556 88.863 180.000000 0.000000 29.200000
000033.jpg 114.4483332417 30.3815818242 88.761 180.000000 0.000000 29.200000
000034.jpg 114.4483381099 30.3815897929 88.832 180.000000 0.000000 29.200000
000035.jpg 114.4483429781 30.3815977615 88.794 180.000000 0.000000 29.200000
000036.jpg 114.4483478463 30.3816057301 88.796 180.000000 0.000000 29.200000
000037.jpg 114.4483527145 30.3816136987 88.873 180.000000 0.000000 29.200000
000038.jpg 114.4483575826 30.3816216673 89.009 180.000000 0.000000 29.200000
000039.jpg 114.4483624508 30.3816296359 89.123 180.000000 0.000000 29.200000
000040.jpg 114.4483673190 30.3816376045 89.473 180.000000 0.000000 29.200000
000041.jpg 114.4483721872 30.3816455731 89.563 180.000000 0.000000 29.200000
000042.jpg 114.4483770554 30.3816535417 89.463 180.000000 0.000000 29.200000
000043.jpg 114.4483819236 30.3816615104 89.368 180.000000 0.000000 29.200000
000044.jpg 114.4483867918 30.3816694790 89.286 180.000000 0.000000 29.200000
000045.jpg 114.4483916600 30.3816774476 89.275 180.000000 0.000000 29.200000
000046.jpg 114.4483965282 30.3816854162 89.146 180.000000 0.000000 29.200000
000047.jpg 114.4484013964 30.3816933848 89.112 180.000000 0.000000 29.200000
000048.jpg 114.4484062646 30.3817013534 89.192 180.000000 0.000000 29.200000
000049.jpg 114.4484111328 30.3817093220 89.094 180.000000 0.000000 29.200000
000050.jpg 114.4484160010 30.3817172906 89.121 180.000000 0.000000 29.200000
000051.jpg 114.4484208692 30.3817252592 89.260 180.000000 0.000000 29.200000
000052.jpg 114.4484257374 30.3817332278 89.406 180.000000 0.000000 29.200000
000053.jpg 114.4484306056 30.3817411965 89.461 180.000000 0.000000 29.200000
000054.jpg 114.4484354738 30.3817491651 89.393 180.000000 0.000000 29.200000
000055.jpg 114.4484403420 30.3817571337 89.457 180.000000 0.000000 29.200000
000056.jpg 114.4484452103 30.3817651023 89.365 180.000000 0.000000 29.200000
000057.jpg 114.4484500785 30.3817730709 88.898 180.000000 0.000000 29.200000
000058.jpg 114.4484549467 30.3817810395 88.833 180.000000 0.000000 29.200000
000059.jpg 114.4484598149 30.3817890081 89.300 180.000000 0.000000 29.200000
000060.jpg 114.4484646831 30.3817969767 89.061 180.000000 0.000000 29.200000
000061.jpg 114.4484695513 30.3818049453 89.054 180.000000 0.000000 29.200000
000062.jpg 114.4484744195 30.3818129139 89.563 180.000000 0.000000 29.200000
000063.jpg 114.4484792877 30.3818208825 89.510 180.000000 0.000000 29.200000
000064.jpg 114.4484841559 30.3818288512 89.288 180.000000 0.000000 29.200000
000065.jpg 114.4484890242 30.3818368198 89.147 180.000000 0.000000 29.200000
000066.jpg 114.4484938924 30.3818447884 88.931 180.000000 0.000000 29.200000
000067.jpg 114.4484987606 30.3818527570 88.838 180.000000 0.000000 29.200000
000068.jpg 114.4485036288 30.3818607256 88.822 180.000000 0.000000 29.200000
000069.jpg 114.4485084970 30.3818686942 89.385 180.000000 0.000000 29.200000
000070.jpg 114.4485133652 30.3818766628 89.733 180.000000 0.000000 29.200000
000071.jpg 114.4485182335 30.3818846314 90.000 180.000000 0.000000 29.200000
000072.jpg 114.4485231017 30.3818926000 90.043 180.000000 0.000000 29.200000
000073.jpg 114.4485279699 30.3819005686 89.892 180.000000 0.000000 29.200000
000074.jpg 114.4485328381 30.3819085372 89.895 180.000000 0.000000 29.200000
000075.jpg 114.4485377063 30.3819165058 89.920 180.000000 0.000000 29.200000
000076.jpg 114.4485425746 30.3819244744 89.463 180.000000 0.000000 29.200000
000077.jpg 114.4485474428 30.3819324430 89.109 180.000000 0.000000 29.200000
000078.jpg 114.4485523110 30.3819404116 89.058 180.000000 0.000000 29.200000
000079.jpg 114.4485571792 30.3819483803 89.304 180.000000 0.000000 29.200000
000080.jpg 114.4485620475 30.3819563489 89.498 180.000000 0.000000 29.200000
000081.jpg 114.4485669157 30.3819643175 89.470 180.000000 0.000000 29.200000
000082.jpg 114.4485717839 30.3819722861 89.362 180.000000 0.000000 29.200000
000083.jpg 114.4485766521 30.3819802547 89.531 180.000000 0.000000 29.200000
000084.jpg 114.4485815204 30.3819882233 89.833 180.000000 0.000000 29.200000
000085.jpg 114.4485863886 30.3819961919 89.577 180.000000 0.000000 29.200000
000086.jpg 114.4485912568 30.3820041605 89.240 180.000000 0.000000 29.200000
000087.jpg 114.4485961251 30.3820121291 88.926 180.000000 0.000000 29.200000
000088.jpg 114.4486009933 30.3820200977 88.766 180.000000 0.000000 29.200000
000089.jpg 114.4486058615 30.3820280663 88.739 180.000000 0.000000 29.200000
000090.jpg 114.4486107297 30.3820360349 88.695 180.000000 0.000000 29.200000
000091.jpg 114.4486155980 30.3820440035 88.481 180.000000 0.000000 29.200000
000092.jpg 114.4486204662 30.3820519721 88.635 180.000000 0.000000 29.200000
000093.jpg 114.4486253344 30.3820599407 89.048 180.000000 0.000000 29.200000
000094.jpg 114.4486302027 30.3820679093 89.379 180.000000 0.000000 29.200000
000095.jpg 114.4486350709 30.3820758779 89.611 180.000000 0.000000 29.200000
000096.jpg 114.4486399392 30.3820838465 89.830 180.000000 0.000000 29.200000
000097.jpg 114.4486448074 30.3820918151 89.957 180.000000 0.000000 29.200000
000098.jpg 114.4486496756 30.3820997837 90.146 180.000000 0.000000 29.200000
000099.jpg 114.4486545439 30.3821077523 90.840 180.000000 0.000000 29.200000
