000000.jpg 114.4481727024 30.3813556556 90.030 180.000000 0.000000 28.179386
000001.jpg 114.4481685360 30.3813123837 89.423 180.000000 0.000000 29.087871
000002.jpg 114.4482069253 30.3812852910 90.500 180.000000 0.000000 29.007136
000003.jpg 114.4482085160 30.3813394871 88.486 180.000000 0.000000 30.126220
000004.jpg 114.4482179267 30.3813457596 88.646 180.000000 0.000000 30.571397
000005.jpg 114.4481708481 30.3813172155 89.211 180.000000 0.000000 27.858868
000006.jpg 114.4481424702 30.3813434847 88.364 180.000000 0.000000 26.813595
000007.jpg 114.4481600874 30.3813747213 89.739 180.000000 0.000000 28.733736
000008.jpg 114.4481880708 30.3813925679 89.553 180.000000 0.000000 28.599979
000009.jpg 114.4482326624 30.3814191144 88.664 180.000000 0.000000 27.572969
000010.jpg 114.4482319441 30.3814054530 90.148 180.000000 0.000000 26.630838
000011.jpg 114.4482060927 30.3813834429 87.156 180.000000 0.000000 29.452869
000012.jpg 114.4482479936 30.3813948243 90.228 180.000000 0.000000 30.843849
000013.jpg 114.4482551660 30.3814336987 89.935 180.000000 0.000000 26.536040
000014.jpg 114.4482594733 30.3814470971 87.174 180.000000 0.000000 29.894060
000015.jpg 114.4482372533 30.3814593731 88.359 180.000000 0.000000 29.163518
000016.jpg 114.4482617936 30.3814228680 89.411 180.000000 0.000000 28.990074
000017.jpg 114.4482710801 30.3814405134 89.957 180.000000 0.000000 30.410404
000018.jpg 114.4482542213 30.3814792780 90.137 180.000000 0.000000 32.782351
000019.jpg 114.4482153800 30.3814931890 89.290 180.000000 0.000000 29.012278
000020.jpg 114.4482376695 30.3815116197 87.571 180.000000 0.000000 30.333891
000021.jpg 114.4483165586 30.3814437309 88.673 180.000000 0.000000 26.581566
000022.jpg 114.4482862399 30.3815352750 91.060 180.000000 0.000000 25.643771
000023.jpg 114.4482661302 30.3815208152 90.591 180.000000 0.000000 30.042421
000024.jpg 114.4482659436 30.3815176879 88.885 180.000000 0.000000 28.792519
000025.jpg 114.4482711128 30.3815281012 89.230 180.000000 0.000000 29.014032
000026.jpg 114.4482931525 30.3814911578 88.620 180.000000 0.000000 31.612899
000027.jpg 114.4482991005 30.3814949593 90.609 180.000000 0.000000 30.260531
000028.jpg 114.4483746165 30.3815449569 88.585 180.000000 0.000000 26.304711
000029.jpg 114.4483532582 30.3816202500 88.209 180.000000 0.000000 27.905825
000030.jpg 114.4483378184 30.3815358249 88.703 180.000000 0.000000 28.500325
000031.jpg 114.4483287235 30.3815956137 88.925 180.000000 0.000000 31.037820
000032.jpg 114.4483150450 30.3815824651 86.725 180.000000 0.000000 26.300104
000033.jpg 114.4483584843 30.3815663486 89.341 180.000000 0.000000 30.284689
000034.jpg 114.4483787863 30.3816125559 89.849 180.000000 0.000000 28.976657
000035.jpg 114.4483217101 30.3815775506 88.306 180.000000 0.000000 26.940342
000036.jpg 114.4483308344 30.3816028928 89.048 180.000000 0.000000 28.522218
000037.jpg 114.4482927579 30.3816105711 89.099 180.000000 0.000000 31.368951
000038.jpg 114.4483760610 30.3816046142 88.286 180.000000 0.000000 33.221195
000039.jpg 114.4483847658 30.3816796290 91.252 180.000000 0.000000 27.563833
000040.jpg 114.4483790150 30.3816502306 90.032 180.000000 0.000000 30.283804
000041.jpg 114.4483783677 30.3816504057 88.060 180.000000 0.000000 28.869198
000042.jpg 114.4483536455 30.3816564961 88.996 180.000000 0.000000 30.437042
000043.jpg 114.4484072569 30.3816703583 89.684 180.000000 0.000000 29.385893
000044.jpg 114.4483729388 30.3816647570 88.790 180.000000 0.000000 29.975974
000045.jpg 114.4483916916 30.3816931774 87.946 180.000000 0.000000 30.975558
000046.jpg 114.4483732529 30.3816650924 88.949 180.000000 0.000000 28.073231
000047.jpg 114.4484108815 30.3816780338 88.042 180.000000 0.000000 27.508394
000048.jpg 114.4484471596 30.3817033501 88.024 180.000000 0.000000 29.216755
000049.jpg 114.4483613383 30.3817567730 87.570 180.000000 0.000000 30.157505
000050.jpg 114.4484339784 30.3816784061 89.421 180.000000 0.000000 31.194344
000051.jpg 114.4484352713 30.3817326035 90.210 180.000000 0.000000 29.521809
000052.jpg 114.4484363210 30.3817300060 90.038 180.000000 0.000000 27.317232
000053.jpg 114.4484556592 30.3817280130 88.370 180.000000 0.000000 29.930498
000054.jpg 114.4484876079 30.3817762059 88.878 180.000000 0.000000 30.596119
000055.jpg 114.4484262606 30.3817535027 89.546 180.000000 0.000000 24.565564
000056.jpg 114.4484519114 30.3817373730 88.667 180.000000 0.000000 26.251219
000057.jpg 114.4484034340 30.3817466356 89.724 180.000000 0.000000 32.532083
000058.jpg 114.4484533928 30.3818105520 88.569 180.000000 0.000000 25.376054
000059.jpg 114.4484641781 30.3818011522 88.871 180.000000 0.000000 29.804448
000060.jpg 114.4484831505 30.3817739746 87.584 180.000000 0.000000 28.757492
000061.jpg 114.4484632154 30.3817952788 90.042 180.000000 0.000000 32.651178
000062.jpg 114.4484609312 30.3818315616 90.504 180.000000 0.000000 30.626313
000063.jpg 114.4485122368 30.3818109938 90.250 180.000000 0.000000 33.248964
000064.jpg 114.4485096614 30.3818125758 89.896 180.000000 0.000000 31.724761
000065.jpg 114.4485009304 30.3818218073 90.690 180.000000 0.000000 26.700466
000066.jpg 114.4485096076 30.3818446577 87.737 180.000000 0.000000 31.638899
000067.jpg 114.4485104329 30.3818214126 89.439 180.000000 0.000000 28.336799
000068.jpg 114.4484447573 30.3818409341 89.086 180.000000 0.000000 30.471406
000069.jpg 114.4485136299 30.3818700166 89.855 180.000000 0.000000 28.778048
000070.jpg 114.4485499748 30.3818814002 90.027 180.000000 0.000000 30.281598
000071.jpg 114.4484857546 30.3818648058 91.529 180.000000 0.000000 29.870617
000072.jpg 114.4485140456 30.3819016633 89.562 180.000000 0.000000 29.757133
000073.jpg 114.4485070046 30.3819076278 88.314 180.000000 0.000000 31.861840
000074.jpg 114.4485179485 30.3818654594 89.671 180.000000 0.000000 28.458008
000075.jpg 114.4485432654 30.3818856251 90.318 180.000000 0.000000 36.447135
000076.jpg 114.4485024502 30.3819328287 89.152 180.000000 0.000000 29.585217
000077.jpg 114.4484917342 30.3819002093 89.568 180.000000 0.000000 29.123164
000078.jpg 114.4486038163 30.3819223469 89.232 180.000000 0.000000 35.026243
000079.jpg 114.4485339336 30.3819234692 89.269 180.000000 0.000000 29.110875
000080.jpg 114.4485882894 30.3819603678 88.741 180.000000 0.000000 29.622843
000081.jpg 114.4486483304 30.3820003212 86.688 180.000000 0.000000 28.915966
000082.jpg 114.4485440487 30.3819885820 89.188 180.000000 0.000000 33.065391
000083.jpg 114.4486050753 30.3820049035 89.718 180.000000 0.000000 29.119405
000084.jpg 114.4485912214 30.3820234619 90.368 180.000000 0.000000 28.497735
000085.jpg 114.4486260287 30.3820021647 89.499 180.000000 0.000000 27.617246
000086.jpg 114.4485740483 30.3819866134 86.447 180.000000 0.000000 31.233692
000087.jpg 114.4486139465 30.3820066794 89.972 180.000000 0.000000 30.075976
000088.jpg 114.4486143238 30.3819533934 88.533 180.000000 0.000000 30.264378
000089.jpg 114.4486547806 30.3820788188 90.165 180.000000 0.000000 26.876781
000090.jpg 114.4485417742 30.3820501239 88.722 180.000000 0.000000 31.125107
000091.jpg 114.4486115166 30.3820498701 86.981 180.000000 0.000000 30.096019
000092.jpg 114.4486063419 30.3820611664 89.095 180.000000 0.000000 28.965556
000093.jpg 114.4486352264 30.3820597658 89.808 180.000000 0.000000 30.203486
000094.jpg 114.4486135460 30.3820516758 91.123 180.000000 0.000000 28.996809
000095.jpg 114.4486657330 30.3820871217 89.047 180.000000 0.000000 27.702052
000096.jpg 114.4486435060 30.3820908610 90.444 180.000000 0.000000 26.666133
000097.jpg 114.4486263234 30.3820888870 91.557 180.000000 0.000000 24.479643
000098.jpg 114.4486637530 30.3820854457 90.577 180.000000 0.000000 28.216042
000099.jpg 114.4486648158 30.3821502907 91.194 180.000000 0.000000 30.066800
