000000.jpg 000001.jpg 0.487860 0.872922 0.048622 0.000000 1.001181
000001.jpg 000002.jpg 0.487860 0.872922 0.080192 0.000000 1.003210
000002.jpg 000003.jpg 0.487860 0.872922 -0.068643 0.000000 1.002353
000003.jpg 000004.jpg 0.487860 0.872922 -0.066704 0.000000 1.002222
000004.jpg 000005.jpg 0.487860 0.872922 0.017345 0.000000 1.000150
000005.jpg 000006.jpg 0.487860 0.872922 0.015896 0.000000 1.000126
000006.jpg 000007.jpg 0.487860 0.872922 0.009833 0.000000 1.000048
000007.jpg 000008.jpg 0.487860 0.872922 -0.005824 0.000000 1.000017
000008.jpg 000009.jpg 0.487860 0.872922 0.035612 0.000000 1.000634
000009.jpg 000010.jpg 0.487860 0.872922 0.177438 0.000000 1.015620
000010.jpg 000011.jpg 0.487860 0.872922 -0.159062 0.000000 1.012571
000011.jpg 000012.jpg 0.487860 0.872922 -0.047218 0.000000 1.001114
000012.jpg 000013.jpg 0.487860 0.872922 0.137003 0.000000 1.009341
000013.jpg 000014.jpg 0.487860 0.872922 -0.038243 0.000000 1.000731
000014.jpg 000015.jpg 0.487860 0.872922 -0.142853 0.000000 1.010152
000015.jpg 000016.jpg 0.487860 0.872922 0.014322 0.000000 1.000103
000016.jpg 000017.jpg 0.487860 0.872922 0.058115 0.000000 1.001687
000017.jpg 000018.jpg 0.487860 0.872922 0.005845 0.000000 1.000017
000018.jpg 000019.jpg 0.487860 0.872922 -0.051912 0.000000 1.001347
000019.jpg 000020.jpg 0.487860 0.872922 0.008341 0.000000 1.000035
000020.jpg 000021.jpg 0.487860 0.872922 0.142125 0.000000 1.010049
000021.jpg 000022.jpg 0.487860 0.872922 0.061369 0.000000 1.001881
000022.jpg 000023.jpg 0.487860 0.872922 -0.024970 0.000000 1.000312
000023.jpg 000024.jpg 0.487860 0.872922 -0.109649 0.000000 1.005994
000024.jpg 000025.jpg 0.487860 0.872922 0.020339 0.000000 1.000207
000025.jpg 000026.jpg 0.487860 0.872922 0.183817 0.000000 1.016754
000026.jpg 000027.jpg 0.487860 0.872922 0.168485 0.000000 1.014094
000027.jpg 000028.jpg 0.487860 0.872922 -0.228557 0.000000 1.025787
000028.jpg 000029.jpg 0.487860 0.872922 -0.016519 0.000000 1.000136
000029.jpg 000030.jpg 0.487860 0.872922 -0.056138 0.000000 1.001574
000030.jpg 000031.jpg 0.487860 0.872922 -0.070249 0.000000 1.002464
000031.jpg 000032.jpg 0.487860 0.872922 -0.040319 0.000000 1.000812
000032.jpg 000033.jpg 0.487860 0.872922 -0.102270 0.000000 1.005216
000033.jpg 000034.jpg 0.487860 0.872922 0.071564 0.000000 1.002557
000034.jpg 000035.jpg 0.487860 0.872922 -0.038201 0.000000 1.000729
000035.jpg 000036.jpg 0.487860 0.872922 0.002147 0.000000 1.000002
000036.jpg 000037.jpg 0.487860 0.872922 0.077092 0.000000 1.002967
000037.jpg 000038.jpg 0.487860 0.872922 0.136219 0.000000 1.009235
000038.jpg 000039.jpg 0.487860 0.872922 0.113258 0.000000 1.006393
000039.jpg 000040.jpg 0.487860 0.872922 0.350036 0.000000 1.059493
000040.jpg 000041.jpg 0.487860 0.872922 0.089843 0.000000 1.004028
000041.jpg 000042.jpg 0.487860 0.872922 -0.099215 0.000000 1.004910
000042.jpg 000043.jpg 0.487860 0.872922 -0.095428 0.000000 1.004543
000043.jpg 000044.jpg 0.487860 0.872922 -0.081970 0.000000 1.003354
000044.jpg 000045.jpg 0.487860 0.872922 -0.011328 0.000000 1.000064
000045.jpg 000046.jpg 0.487860 0.872922 -0.128284 0.000000 1.008195
000046.jpg 000047.jpg 0.487860 0.872922 -0.034705 0.000000 1.000602
000047.jpg 000048.jpg 0.487860 0.872922 0.079977 0.000000 1.003193
000048.jpg 000049.jpg 0.487860 0.872922 -0.097650 0.000000 1.004756
000049.jpg 000050.jpg 0.487860 0.872922 0.027117 0.000000 1.000368
000050.jpg 000051.jpg 0.487860 0.872922 0.139313 0.000000 1.009657
000051.jpg 000052.jpg 0.487860 0.872922 0.145885 0.000000 1.010585
000052.jpg 000053.jpg 0.487860 0.872922 0.054225 0.000000 1.001469
000053.jpg 000054.jpg 0.487860 0.872922 -0.067115 0.000000 1.002250
000054.jpg 000055.jpg 0.487860 0.872922 0.063194 0.000000 1.001995
000055.jpg 000056.jpg 0.487860 0.872922 -0.091868 0.000000 1.004211
000056.jpg 000057.jpg 0.487860 0.872922 -0.466549 0.000000 1.103480
000057.jpg 000058.jpg 0.487860 0.872922 -0.064932 0.000000 1.002106
000058.jpg 000059.jpg 0.487860 0.872922 0.466316 0.000000 1.103381
000059.jpg 000060.jpg 0.487860 0.872922 -0.238414 0.000000 1.028028
000060.jpg 000061.jpg 0.487860 0.872922 -0.006883 0.000000 1.000024
000061.jpg 000062.jpg 0.487860 0.872922 0.508845 0.000000 1.122017
000062.jpg 000063.jpg 0.487860 0.872922 -0.052872 0.000000 1.001397
000063.jpg 000064.jpg 0.487860 0.872922 -0.222308 0.000000 1.024412
000064.jpg 000065.jpg 0.487860 0.872922 -0.140591 0.000000 1.009835
000065.jpg 000066.jpg 0.487860 0.872922 -0.216345 0.000000 1.023135
000066.jpg 000067.jpg 0.487860 0.872922 -0.093480 0.000000 1.004360
000067.jpg 000068.jpg 0.487860 0.872922 -0.015483 0.000000 1.000120
000068.jpg 000069.jpg 0.487860 0.872922 0.563415 0.000000 1.147796
000069.jpg 000070.jpg 0.487860 0.872922 0.347262 0.000000 1.058580
000070.jpg 000071.jpg 0.487860 0.872922 0.267341 0.000000 1.035119
000071.jpg 000072.jpg 0.487860 0.872922 0.043391 0.000000 1.000941
000072.jpg 000073.jpg 0.487860 0.872922 -0.151867 0.000000 1.011466
000073.jpg 000074.jpg 0.487860 0.872922 0.003061 0.000000 1.000005
000074.jpg 000075.jpg 0.487860 0.872922 0.025600 0.000000 1.000328
000075.jpg 000076.jpg 0.487860 0.872922 -0.457516 0.000000 1.099691
000076.jpg 000077.jpg 0.487860 0.872922 -0.353931 0.000000 1.060786
000077.jpg 000078.jpg 0.487860 0.872922 -0.051060 0.000000 1.001303
000078.jpg 000079.jpg 0.487860 0.872922 0.246476 0.000000 1.029927
000079.jpg 000080.jpg 0.487860 0.872922 0.193454 0.000000 1.018540
000080.jpg 000081.jpg 0.487860 0.872922 -0.027398 0.000000 1.000375
000081.jpg 000082.jpg 0.487860 0.872922 -0.108696 0.000000 1.005890
000082.jpg 000083.jpg 0.487860 0.872922 0.169835 0.000000 1.014319
000083.jpg 000084.jpg 0.487860 0.872922 0.301763 0.000000 1.044539
000084.jpg 000085.jpg 0.487860 0.872922 -0.256280 0.000000 1.032318
000085.jpg 000086.jpg 0.487860 0.872922 -0.337402 0.000000 1.055386
000086.jpg 000087.jpg 0.487860 0.872922 -0.313345 0.000000 1.047943
000087.jpg 000088.jpg 0.487860 0.872922 -0.160011 0.000000 1.012721
000088.jpg 000089.jpg 0.487860 0.872922 -0.026693 0.000000 1.000356
000089.jpg 000090.jpg 0.487860 0.872922 -0.044639 0.000000 1.000996
000090.jpg 000091.jpg 0.487860 0.872922 -0.213392 0.000000 1.022515
000091.jpg 000092.jpg 0.487860 0.872922 0.153972 0.000000 1.011784
000092.jpg 000093.jpg 0.487860 0.872922 0.413002 0.000000 1.081929
000093.jpg 000094.jpg 0.487860 0.872922 0.330926 0.000000 1.053334
000094.jpg 000095.jpg 0.487860 0.872922 0.231923 0.000000 1.026542
000095.jpg 000096.jpg 0.487860 0.872922 0.218583 0.000000 1.023611
000096.jpg 000097.jpg 0.487860 0.872922 0.126719 0.000000 1.007997
000097.jpg 000098.jpg 0.487860 0.872922 0.189325 0.000000 1.017764
000098.jpg 000099.jpg 0.487860 0.872922 0.693865 0.000000 1.217148
