000000.jpg 114.4447501891 30.3880197621 109.956 180.000000 0.000000 29.200000
000001.jpg 114.4447550572 30.3880277308 110.231 180.000000 0.000000 29.200000
000002.jpg 114.4447599254 30.3880356995 109.979 180.000000 0.000000 29.200000
000003.jpg 114.4447647936 30.3880436683 109.536 180.000000 0.000000 29.200000
000004.jpg 114.4447696617 30.3880516370 109.094 180.000000 0.000000 29.200000
000005.jpg 114.4447745299 30.3880596058 108.652 180.000000 0.000000 29.200000
000006.jpg 114.4447793981 30.3880675745 108.413 180.000000 0.000000 29.200000
000007.jpg 114.4447842663 30.3880755432 108.167 180.000000 0.000000 29.200000
000008.jpg 114.4447891344 30.3880835120 108.096 180.000000 0.000000 29.200000
000009.jpg 114.4447940026 30.3880914807 108.107 180.000000 0.000000 29.200000
000010.jpg 114.4447988708 30.3880994494 108.129 180.000000 0.000000 29.200000
000011.jpg 114.4448037390 30.3881074182 108.228 180.000000 0.000000 29.200000
000012.jpg 114.4448086071 30.3881153869 108.417 180.000000 0.000000 29.200000
000013.jpg 114.4448134753 30.3881233557 108.250 180.000000 0.000000 29.200000
000014.jpg 114.4448183435 30.3881313244 108.180 180.000000 0.000000 29.200000
000015.jpg 114.4448232117 30.3881392931 108.223 180.000000 0.000000 29.200000
000016.jpg 114.4448280799 30.3881472619 105.565 180.000000 0.000000 29.200000
000017.jpg 114.4448329480 30.3881552306 104.692 180.000000 0.000000 29.200000
000018.jpg 114.4448378162 30.3881631994 98.985 180.000000 0.000000 29.200000
000019.jpg 114.4448426844 30.3881711681 99.026 180.000000 0.000000 29.200000
000020.jpg 114.4448475526 30.3881791368 99.040 180.000000 0.000000 29.200000
000021.jpg 114.4448524208 30.3881871056 98.949 180.000000 0.000000 29.200000
000022.jpg 114.4448572890 30.3881950743 98.853 180.000000 0.000000 29.200000
000023.jpg 114.4448621571 30.3882030430 98.747 180.000000 0.000000 29.200000
000024.jpg 114.4448670253 30.3882110118 98.727 180.000000 0.000000 29.200000
000025.jpg 114.4448718935 30.3882189805 98.748 180.000000 0.000000 29.200000
000026.jpg 114.4448767617 30.3882269493 98.767 180.000000 0.000000 29.200000
000027.jpg 114.4448816299 30.3882349180 98.764 180.000000 0.000000 29.200000
000028.jpg 114.4448864981 30.3882428867 98.712 180.000000 0.000000 29.200000
000029.jpg 114.4448913663 30.3882508555 98.790 180.000000 0.000000 29.200000
000030.jpg 114.4448962345 30.3882588242 99.143 180.000000 0.000000 29.200000
000031.jpg 114.4449011027 30.3882667929 100.060 180.000000 0.000000 29.200000
000032.jpg 114.4449059708 30.3882747617 100.365 180.000000 0.000000 29.200000
000033.jpg 114.4449108390 30.3882827304 100.600 180.000000 0.000000 29.200000
000034.jpg 114.4449157072 30.3882906991 102.523 180.000000 0.000000 29.200000
000035.jpg 114.4449205754 30.3882986679 109.709 180.000000 0.000000 29.200000
000036.jpg 114.4449254436 30.3883066366 109.246 180.000000 0.000000 29.200000
000037.jpg 114.4449303118 30.3883146054 108.735 180.000000 0.000000 29.200000
000038.jpg 114.4449351800 30.3883225741 108.295 180.000000 0.000000 29.200000
000039.jpg 114.4449400482 30.3883305428 108.283 180.000000 0.000000 29.200000
000040.jpg 114.4449449164 30.3883385116 108.271 180.000000 0.000000 29.200000
000041.jpg 114.4449497846 30.3883464803 108.260 180.000000 0.000000 29.200000
000042.jpg 114.4449546528 30.3883544490 108.246 180.000000 0.000000 29.200000
000043.jpg 114.4449595210 30.3883624178 108.195 180.000000 0.000000 29.200000
000044.jpg 114.4449643892 30.3883703865 108.131 180.000000 0.000000 29.200000
000045.jpg 114.4449692574 30.3883783552 107.985 180.000000 0.000000 29.200000
000046.jpg 114.4449741256 30.3883863240 107.963 180.000000 0.000000 29.200000
000047.jpg 114.4449789938 30.3883942927 108.063 180.000000 0.000000 29.200000
000048.jpg 114.4449838620 30.3884022614 108.127 180.000000 0.000000 29.200000
000049.jpg 114.4449887302 30.3884102302 108.423 180.000000 0.000000 29.200000
000050.jpg 114.4449935984 30.3884181989 108.986 180.000000 0.000000 29.200000
000051.jpg 114.4449984666 30.3884261676 109.470 180.000000 0.000000 29.200000
000052.jpg 114.4450033349 30.3884341364 109.903 180.000000 0.000000 29.200000
000053.jpg 114.4450082031 30.3884421051 105.101 180.000000 0.000000 29.200000
000054.jpg 114.4450130713 30.3884500738 100.478 180.000000 0.000000 29.200000
000055.jpg 114.4450179395 30.3884580426 98.951 180.000000 0.000000 29.200000
000056.jpg 114.4450228077 30.3884660113 102.354 180.000000 0.000000 29.200000
000057.jpg 114.4450276759 30.3884739800 103.056 180.000000 0.000000 29.200000
000058.jpg 114.4450325441 30.3884819488 102.969 180.000000 0.000000 29.200000
000059.jpg 114.4450374123 30.3884899175 102.227 180.000000 0.000000 29.200000
000060.jpg 114.4450422805 30.3884978862 98.960 180.000000 0.000000 29.200000
000061.jpg 114.4450471488 30.3885058550 98.721 180.000000 0.000000 29.200000
000062.jpg 114.4450520170 30.3885138237 98.698 180.000000 0.000000 29.200000
000063.jpg 114.4450568852 30.3885217924 98.715 180.000000 0.000000 29.200000
000064.jpg 114.4450617534 30.3885297611 98.707 180.000000 0.000000 29.200000
000065.jpg 114.4450666216 30.3885377299 98.712 180.000000 0.000000 29.200000
000066.jpg 114.4450714898 30.3885456986 98.912 180.000000 0.000000 29.200000
000067.jpg 114.4450763581 30.3885536673 99.093 180.000000 0.000000 29.200000
000068.jpg 114.4450812263 30.3885616361 99.234 180.000000 0.000000 29.200000
000069.jpg 114.4450860945 30.3885696048 99.111 180.000000 0.000000 29.200000
000070.jpg 114.4450909627 30.3885775735 98.932 180.000000 0.000000 29.200000
000071.jpg 114.4450958309 30.3885855423 98.872 180.000000 0.000000 29.200000
000072.jpg 114.4451006992 30.3885935110 98.944 180.000000 0.000000 29.200000
000073.jpg 114.4451055674 30.3886014797 106.201 180.000000 0.000000 29.200000
000074.jpg 114.4451104356 30.3886094485 106.466 180.000000 0.000000 29.200000
000075.jpg 114.4451153038 30.3886174172 106.690 180.000000 0.000000 29.200000
000076.jpg 114.4451201721 30.3886253859 106.938 180.000000 0.000000 29.200000
000077.jpg 114.4451250403 30.3886333546 107.183 180.000000 0.000000 29.200000
000078.jpg 114.4451299085 30.3886413234 107.352 180.000000 0.000000 29.200000
000079.jpg 114.4451347767 30.3886492921 107.516 180.000000 0.000000 29.200000
000080.jpg 114.4451396450 30.3886572608 107.625 180.000000 0.000000 29.200000
000081.jpg 114.4451445132 30.3886652296 107.699 180.000000 0.000000 29.200000
000082.jpg 114.4451493814 30.3886731983 107.742 180.000000 0.000000 29.200000
000083.jpg 114.4451542497 30.3886811670 107.725 180.000000 0.000000 29.200000
000084.jpg 114.4451591179 30.3886891357 107.706 180.000000 0.000000 29.200000
000085.jpg 114.4451639861 30.3886971045 107.568 180.000000 0.000000 29.200000
000086.jpg 114.4451688544 30.3887050732 107.419 180.000000 0.000000 29.200000
000087.jpg 114.4451737226 30.3887130419 107.277 180.000000 0.000000 29.200000
000088.jpg 114.4451785908 30.3887210107 107.080 180.000000 0.000000 29.200000
000089.jpg 114.4451834591 30.3887289794 106.867 180.000000 0.000000 29.200000
000090.jpg 114.4451883273 30.3887369481 106.611 180.000000 0.000000 29.200000
000091.jpg 114.4451931955 30.3887449168 106.354 180.000000 0.000000 29.200000
000092.jpg 114.4451980638 30.3887528856 106.054 180.000000 0.000000 29.200000
000093.jpg 114.4452029320 30.3887608543 105.768 180.000000 0.000000 29.200000
000094.jpg 114.4452078003 30.3887688230 105.998 180.000000 0.000000 29.200000
000095.jpg 114.4452126685 30.3887767917 106.513 180.000000 0.000000 29.200000
000096.jpg 114.4452175367 30.3887847605 107.023 180.000000 0.000000 29.200000
000097.jpg 114.4452224050 30.3887927292 107.398 180.000000 0.000000 29.200000
000098.jpg 114.4452272732 30.3888006979 107.332 180.000000 0.000000 29.200000
000099.jpg 114.4452321415 30.3888086666 106.961 180.000000 0.000000 29.200000
