000000.jpg 114.4447502981 30.3880565576 111.180 180.000000 0.000000 28.179386
000001.jpg 114.4447461332 30.3880132857 110.800 180.000000 0.000000 29.087871
000002.jpg 114.4447845262 30.3879861942 111.546 180.000000 0.000000 29.007136
000003.jpg 114.4447861148 30.3880403902 109.157 180.000000 0.000000 30.126220
000004.jpg 114.4447955259 30.3880466629 108.941 180.000000 0.000000 30.571397
000005.jpg 114.4447484453 30.3880181176 109.047 180.000000 0.000000 27.858868
000006.jpg 114.4447200645 30.3880443858 107.946 180.000000 0.000000 26.813595
000007.jpg 114.4447376816 30.3880756229 109.064 180.000000 0.000000 28.733736
000008.jpg 114.4447656661 30.3880934702 108.813 180.000000 0.000000 28.599979
000009.jpg 114.4448102596 30.3881200180 107.900 180.000000 0.000000 27.572969
000010.jpg 114.4448095418 30.3881063566 109.227 180.000000 0.000000 26.630838
000011.jpg 114.4447836896 30.3880843458 106.494 180.000000 0.000000 29.452869
000012.jpg 114.4448255928 30.3880957284 109.803 180.000000 0.000000 30.843849
000013.jpg 114.4448327641 30.3881346029 109.206 180.000000 0.000000 26.536040
000014.jpg 114.4448370712 30.3881480015 106.413 180.000000 0.000000 29.894060
000015.jpg 114.4448148492 30.3881602767 107.784 180.000000 0.000000 29.163518
000016.jpg 114.4448393925 30.3881237725 106.164 180.000000 0.000000 28.990074
000017.jpg 114.4448486790 30.3881414181 105.778 180.000000 0.000000 30.410404
000018.jpg 114.4448318175 30.3881801821 100.245 180.000000 0.000000 32.782351
000019.jpg 114.4447929731 30.3881940919 99.491 180.000000 0.000000 29.012278
000020.jpg 114.4448152633 30.3882125232 97.778 180.000000 0.000000 30.333891
000021.jpg 114.4448941604 30.3881446370 98.647 180.000000 0.000000 26.581566
000022.jpg 114.4448638360 30.3882361799 100.876 180.000000 0.000000 25.643771
000023.jpg 114.4448437256 30.3882217196 100.326 180.000000 0.000000 30.042421
000024.jpg 114.4448435391 30.3882185922 98.711 180.000000 0.000000 28.792519
000025.jpg 114.4448487082 30.3882290056 99.056 180.000000 0.000000 29.014032
000026.jpg 114.4448707508 30.3881920631 98.281 180.000000 0.000000 31.612899
000027.jpg 114.4448766991 30.3881958647 100.098 180.000000 0.000000 30.260531
000028.jpg 114.4449522181 30.3882458644 98.250 180.000000 0.000000 26.304711
000029.jpg 114.4449308553 30.3883211567 97.969 180.000000 0.000000 27.905825
000030.jpg 114.4449154179 30.3882367313 98.873 180.000000 0.000000 28.500325
000031.jpg 114.4449063200 30.3882965197 100.082 180.000000 0.000000 31.037820
000032.jpg 114.4448926411 30.3882833707 98.227 180.000000 0.000000 26.300104
000033.jpg 114.4449360840 30.3882672556 101.180 180.000000 0.000000 30.284689
000034.jpg 114.4449563854 30.3883134633 103.540 180.000000 0.000000 28.976657
000035.jpg 114.4448993069 30.3882784564 109.221 180.000000 0.000000 26.940342
000036.jpg 114.4449084307 30.3883037988 109.498 180.000000 0.000000 28.522218
000037.jpg 114.4448703514 30.3883114760 108.960 180.000000 0.000000 31.368951
000038.jpg 114.4449536603 30.3883055216 107.571 180.000000 0.000000 33.221195
000039.jpg 114.4449623627 30.3883805364 110.412 180.000000 0.000000 27.563833
000040.jpg 114.4449566127 30.3883511380 108.831 180.000000 0.000000 30.283804
000041.jpg 114.4449559653 30.3883513130 106.758 180.000000 0.000000 28.869198
000042.jpg 114.4449312412 30.3883574027 107.778 180.000000 0.000000 30.437042
000043.jpg 114.4449848556 30.3883712665 108.511 180.000000 0.000000 29.385893
000044.jpg 114.4449505355 30.3883656641 107.635 180.000000 0.000000 29.975974
000045.jpg 114.4449692884 30.3883940850 106.657 180.000000 0.000000 30.975558
000046.jpg 114.4449508496 30.3883659995 107.766 180.000000 0.000000 28.073231
000047.jpg 114.4449884801 30.3883789420 106.994 180.000000 0.000000 27.508394
000048.jpg 114.4450247596 30.3884042594 106.960 180.000000 0.000000 29.216755
000049.jpg 114.4449389305 30.3884576795 106.899 180.000000 0.000000 30.157505
000050.jpg 114.4450115785 30.3883793150 109.286 180.000000 0.000000 31.194344
000051.jpg 114.4450128694 30.3884335123 110.419 180.000000 0.000000 29.521809
000052.jpg 114.4450139192 30.3884309148 110.535 180.000000 0.000000 27.317232
000053.jpg 114.4450332588 30.3884289225 104.010 180.000000 0.000000 29.930498
000054.jpg 114.4450652077 30.3884771161 99.962 180.000000 0.000000 30.596119
000055.jpg 114.4450038573 30.3884544111 99.040 180.000000 0.000000 24.565564
000056.jpg 114.4450295104 30.3884382823 101.656 180.000000 0.000000 26.251219
000057.jpg 114.4449810294 30.3884475434 103.882 180.000000 0.000000 32.532083
000058.jpg 114.4450309890 30.3885114611 102.705 180.000000 0.000000 25.376054
000059.jpg 114.4450417753 30.3885020617 101.799 180.000000 0.000000 29.804448
000060.jpg 114.4450607501 30.3884748847 97.483 180.000000 0.000000 28.757492
000061.jpg 114.4450408128 30.3884961883 99.708 180.000000 0.000000 32.651178
000062.jpg 114.4450385271 30.3885324709 99.639 180.000000 0.000000 30.626313
000063.jpg 114.4450898368 30.3885119047 99.455 180.000000 0.000000 33.248964
000064.jpg 114.4450872612 30.3885134866 99.315 180.000000 0.000000 31.724761
000065.jpg 114.4450785293 30.3885227178 100.255 180.000000 0.000000 26.700466
000066.jpg 114.4450872062 30.3885455685 97.718 180.000000 0.000000 31.638899
000067.jpg 114.4450880324 30.3885223234 99.694 180.000000 0.000000 28.336799
000068.jpg 114.4450223517 30.3885418429 99.498 180.000000 0.000000 30.471406
000069.jpg 114.4450912277 30.3885709274 99.581 180.000000 0.000000 28.778048
000070.jpg 114.4451275745 30.3885823121 99.226 180.000000 0.000000 30.281598
000071.jpg 114.4450633508 30.3885657157 100.401 180.000000 0.000000 29.870617
000072.jpg 114.4450916422 30.3886025740 98.462 180.000000 0.000000 29.757133
000073.jpg 114.4450846004 30.3886085382 104.624 180.000000 0.000000 31.861840
000074.jpg 114.4450955468 30.3885663703 106.243 180.000000 0.000000 28.458008
000075.jpg 114.4451208645 30.3885865367 107.088 180.000000 0.000000 36.447135
000076.jpg 114.4450800447 30.3886337389 106.627 180.000000 0.000000 29.585217
000077.jpg 114.4450693293 30.3886011193 107.643 180.000000 0.000000 29.123164
000078.jpg 114.4451814180 30.3886232602 107.526 180.000000 0.000000 35.026243
000079.jpg 114.4451115306 30.3886243804 107.480 180.000000 0.000000 29.110875
000080.jpg 114.4451658885 30.3886612806 106.869 180.000000 0.000000 29.622843
000081.jpg 114.4452259319 30.3887012357 104.917 180.000000 0.000000 28.915966
000082.jpg 114.4451216438 30.3886894933 107.569 180.000000 0.000000 33.065391
000083.jpg 114.4451826737 30.3887058166 107.911 180.000000 0.000000 29.119405
000084.jpg 114.4451688181 30.3887243745 108.240 180.000000 0.000000 28.497735
000085.jpg 114.4452036287 30.3887030785 107.490 180.000000 0.000000 27.617246
000086.jpg 114.4451516454 30.3886875257 104.627 180.000000 0.000000 31.233692
000087.jpg 114.4451915454 30.3887075927 108.323 180.000000 0.000000 30.075976
000088.jpg 114.4451919249 30.3886543070 106.847 180.000000 0.000000 30.264378
000089.jpg 114.4452323794 30.3887797332 108.293 180.000000 0.000000 26.876781
000090.jpg 114.4451193666 30.3887510350 106.638 180.000000 0.000000 31.125107
000091.jpg 114.4451891137 30.3887507833 104.854 180.000000 0.000000 30.096019
000092.jpg 114.4451839382 30.3887620794 106.513 180.000000 0.000000 28.965556
000093.jpg 114.4452128246 30.3887606797 106.528 180.000000 0.000000 30.203486
000094.jpg 114.4451911431 30.3887525890 107.742 180.000000 0.000000 28.996809
000095.jpg 114.4452433322 30.3887880364 105.949 180.000000 0.000000 27.702052
000096.jpg 114.4452211035 30.3887917751 107.638 180.000000 0.000000 26.666133
000097.jpg 114.4452039199 30.3887898005 108.999 180.000000 0.000000 24.479643
000098.jpg 114.4452413521 30.3887863603 107.763 180.000000 0.000000 28.216042
000099.jpg 114.4452424124 30.3888512052 107.315 180.000000 0.000000 30.066800
