000000.jpg 000001.jpg 0.487860 0.872922 0.274844 0.000000 1.037082
000001.jpg 000002.jpg 0.487860 0.872922 -0.251421 0.000000 1.031122
000002.jpg 000003.jpg 0.487860 0.872922 -0.442721 0.000000 1.093619
000003.jpg 000004.jpg 0.487860 0.872922 -0.442183 0.000000 1.093401
000004.jpg 000005.jpg 0.487860 0.872922 -0.441844 0.000000 1.093264
000005.jpg 000006.jpg 0.487860 0.872922 -0.239166 0.000000 1.028203
000006.jpg 000007.jpg 0.487860 0.872922 -0.246626 0.000000 1.029963
000007.jpg 000008.jpg 0.487860 0.872922 -0.070834 0.000000 1.002506
000008.jpg 000009.jpg 0.487860 0.872922 0.010857 0.000000 1.000059
000009.jpg 000010.jpg 0.487860 0.872922 0.021849 0.000000 1.000239
000010.jpg 000011.jpg 0.487860 0.872922 0.099837 0.000000 1.004971
000011.jpg 000012.jpg 0.487860 0.872922 0.188604 0.000000 1.017630
000012.jpg 000013.jpg 0.487860 0.872922 -0.166971 0.000000 1.013844
000013.jpg 000014.jpg 0.487860 0.872922 -0.069656 0.000000 1.002423
000014.jpg 000015.jpg 0.487860 0.872922 0.042289 0.000000 1.000894
000015.jpg 000016.jpg 0.487860 0.872922 -2.657495 0.000000 2.839415
000016.jpg 000017.jpg 0.487860 0.872922 -0.872982 0.000000 1.327440
000017.jpg 000018.jpg 0.487860 0.872922 -5.707023 0.000000 5.793972
000018.jpg 000019.jpg 0.487860 0.872922 0.040455 0.000000 1.000818
000019.jpg 000020.jpg 0.487860 0.872922 0.014111 0.000000 1.000100
000020.jpg 000021.jpg 0.487860 0.872922 -0.090209 0.000000 1.004061
000021.jpg 000022.jpg 0.487860 0.872922 -0.096655 0.000000 1.004660
000022.jpg 000023.jpg 0.487860 0.872922 -0.105768 0.000000 1.005578
000023.jpg 000024.jpg 0.487860 0.872922 -0.019922 0.000000 1.000198
000024.jpg 000025.jpg 0.487860 0.872922 0.020953 0.000000 1.000219
000025.jpg 000026.jpg 0.487860 0.872922 0.018916 0.000000 1.000179
000026.jpg 000027.jpg 0.487860 0.872922 -0.003134 0.000000 1.000005
000027.jpg 000028.jpg 0.487860 0.872922 -0.052315 0.000000 1.001367
000028.jpg 000029.jpg 0.487860 0.872922 0.078879 0.000000 1.003106
000029.jpg 000030.jpg 0.487860 0.872922 0.352986 0.000000 1.060471
000030.jpg 000031.jpg 0.487860 0.872922 0.916767 0.000000 1.356636
000031.jpg 000032.jpg 0.487860 0.872922 0.304713 0.000000 1.045395
000032.jpg 000033.jpg 0.487860 0.872922 0.235483 0.000000 1.027352
000033.jpg 000034.jpg 0.487860 0.872922 1.922934 0.000000 2.167412
000034.jpg 000035.jpg 0.487860 0.872922 7.185778 0.000000 7.255026
000035.jpg 000036.jpg 0.487860 0.872922 -0.463165 0.000000 1.102053
000036.jpg 000037.jpg 0.487860 0.872922 -0.511376 0.000000 1.123168
000037.jpg 000038.jpg 0.487860 0.872922 -0.439631 0.000000 1.092372
000038.jpg 000039.jpg 0.487860 0.872922 -0.012169 0.000000 1.000074
000039.jpg 000040.jpg 0.487860 0.872922 -0.011361 0.000000 1.000065
000040.jpg 000041.jpg 0.487860 0.872922 -0.011363 0.000000 1.000065
000041.jpg 000042.jpg 0.487860 0.872922 -0.014250 0.000000 1.000102
000042.jpg 000043.jpg 0.487860 0.872922 -0.050544 0.000000 1.001277
000043.jpg 000044.jpg 0.487860 0.872922 -0.064670 0.000000 1.002089
000044.jpg 000045.jpg 0.487860 0.872922 -0.145071 0.000000 1.010468
000045.jpg 000046.jpg 0.487860 0.872922 -0.022157 0.000000 1.000245
000046.jpg 000047.jpg 0.487860 0.872922 0.099819 0.000000 1.004970
000047.jpg 000048.jpg 0.487860 0.872922 0.064148 0.000000 1.002055
000048.jpg 000049.jpg 0.487860 0.872922 0.296095 0.000000 1.042915
000049.jpg 000050.jpg 0.487860 0.872922 0.562448 0.000000 1.147322
000050.jpg 000051.jpg 0.487860 0.872922 0.483952 0.000000 1.110950
000051.jpg 000052.jpg 0.487860 0.872922 0.432950 0.000000 1.089700
000052.jpg 000053.jpg 0.487860 0.872922 -4.801709 0.000000 4.904733
000053.jpg 000054.jpg 0.487860 0.872922 -4.623308 0.000000 4.730220
000054.jpg 000055.jpg 0.487860 0.872922 -1.526827 0.000000 1.825158
000055.jpg 000056.jpg 0.487860 0.872922 3.402807 0.000000 3.546702
000056.jpg 000057.jpg 0.487860 0.872922 0.702494 0.000000 1.222087
000057.jpg 000058.jpg 0.487860 0.872922 -0.086756 0.000000 1.003756
000058.jpg 000059.jpg 0.487860 0.872922 -0.742323 0.000000 1.245409
000059.jpg 000060.jpg 0.487860 0.872922 -3.267158 0.000000 3.416770
000060.jpg 000061.jpg 0.487860 0.872922 -0.239371 0.000000 1.028250
000061.jpg 000062.jpg 0.487860 0.872922 -0.022296 0.000000 1.000249
000062.jpg 000063.jpg 0.487860 0.872922 0.016558 0.000000 1.000137
000063.jpg 000064.jpg 0.487860 0.872922 -0.007642 0.000000 1.000029
000064.jpg 000065.jpg 0.487860 0.872922 0.004407 0.000000 1.000010
000065.jpg 000066.jpg 0.487860 0.872922 0.200145 0.000000 1.019832
000066.jpg 000067.jpg 0.487860 0.872922 0.180882 0.000000 1.016227
000067.jpg 000068.jpg 0.487860 0.872922 0.141699 0.000000 1.009989
000068.jpg 000069.jpg 0.487860 0.872922 -0.122878 0.000000 1.007521
000069.jpg 000070.jpg 0.487860 0.872922 -0.179677 0.000000 1.016014
000070.jpg 000071.jpg 0.487860 0.872922 -0.059688 0.000000 1.001780
000071.jpg 000072.jpg 0.487860 0.872922 0.071686 0.000000 1.002566
000072.jpg 000073.jpg 0.487860 0.872922 7.257612 0.000000 7.326181
000073.jpg 000074.jpg 0.487860 0.872922 0.264989 0.000000 1.034514
000074.jpg 000075.jpg 0.487860 0.872922 0.223855 0.000000 1.024749
000075.jpg 000076.jpg 0.487860 0.872922 0.247524 0.000000 1.030179
000076.jpg 000077.jpg 0.487860 0.872922 0.245306 0.000000 1.029648
000077.jpg 000078.jpg 0.487860 0.872922 0.168500 0.000000 1.014097
000078.jpg 000079.jpg 0.487860 0.872922 0.163972 0.000000 1.013354
000079.jpg 000080.jpg 0.487860 0.872922 0.109709 0.000000 1.006000
000080.jpg 000081.jpg 0.487860 0.872922 0.073506 0.000000 1.002698
000081.jpg 000082.jpg 0.487860 0.872922 0.043071 0.000000 1.000927
000082.jpg 000083.jpg 0.487860 0.872922 -0.017305 0.000000 1.000150
000083.jpg 000084.jpg 0.487860 0.872922 -0.018672 0.000000 1.000174
000084.jpg 000085.jpg 0.487860 0.872922 -0.138243 0.000000 1.009510
000085.jpg 000086.jpg 0.487860 0.872922 -0.148563 0.000000 1.010975
000086.jpg 000087.jpg 0.487860 0.872922 -0.142460 0.000000 1.010096
000087.jpg 000088.jpg 0.487860 0.872922 -0.196255 0.000000 1.019076
000088.jpg 000089.jpg 0.487860 0.872922 -0.213328 0.000000 1.022501
000089.jpg 000090.jpg 0.487860 0.872922 -0.256468 0.000000 1.032364
000090.jpg 000091.jpg 0.487860 0.872922 -0.256820 0.000000 1.032452
000091.jpg 000092.jpg 0.487860 0.872922 -0.300149 0.000000 1.044073
000092.jpg 000093.jpg 0.487860 0.872922 -0.285095 0.000000 1.039846
000093.jpg 000094.jpg 0.487860 0.872922 0.229970 0.000000 1.026102
000094.jpg 000095.jpg 0.487860 0.872922 0.514743 0.000000 1.124704
000095.jpg 000096.jpg 0.487860 0.872922 0.510296 0.000000 1.122676
000096.jpg 000097.jpg 0.487860 0.872922 0.374941 0.000000 1.067980
000097.jpg 000098.jpg 0.487860 0.872922 -0.066646 0.000000 1.002218
000098.jpg 000099.jpg 0.487860 0.872922 -0.370989 0.000000 1.066599
